第1类：
1 2 3 5 6 8 9 10 11 13 14 15 16 17 19 20 21 23 25 26 29 34 38 42 45 48 51 54 
第2类：
4 7 12 18 22 24 27 28 30 31 32 33 35 36 37 39 40 41 43 44 46 47 49 50 52 53 55 


第1类：
1 2 3 5 8 9 10 13 14 17 19 21 23 25 28 31 33 34 36 37 39 40 41 42 47 49 50 51 54 55 
第2类：
4 6 7 11 12 15 16 18 20 22 24 26 27 29 30 32 35 38 43 44 45 46 48 52 53 


第1类：
1 2 3 5 8 9 13 14 17 19 21 22 23 54 
第2类：
4 6 7 10 11 12 15 16 18 20 24 25 26 27 28 29 30 31 32 33 34 35 36 37 38 39 40 41 42 43 44 45 46 47 48 49 50 51 52 53 55 


第1类：
1 2 3 5 6 8 9 13 14 16 17 19 20 21 22 23 24 34 40 51 54 
第2类：
4 7 10 11 12 15 18 25 26 27 28 29 30 31 32 33 35 36 37 38 39 41 42 43 44 45 46 47 48 49 50 52 53 55 


第1类：
4 6 7 8 11 12 14 15 16 17 18 23 25 27 28 34 41 43 45 47 
第2类：
1 2 3 5 9 10 13 19 20 21 22 24 26 29 30 31 32 33 35 36 37 38 39 40 42 44 46 48 49 50 51 52 53 54 55 


第1类：
1 2 3 4 7 9 11 13 16 18 19 21 22 27 29 31 34 36 38 41 44 45 48 49 50 53 55 
第2类：
5 6 8 10 12 14 15 17 20 23 24 25 26 28 30 32 33 35 37 39 40 42 43 46 47 51 52 54 

